function F = IFOC_multilinearforms
F.A = @A;
F.J1 = @J1;
F.B = @B;
F.A1 = @A1;
F.J2 = @J2;
F.C = @C;
F.J3 = @J3;
F.B1 = @B1;
F.A2 = @A2;

function A = A(in1,in2)
%A
%    A = A(IN1,IN2)

%    This function was generated by the Symbolic Math Toolbox version 8.6.
%    07-Sep-2021 23:37:43

k = in2(:,1);
x1 = in1(:,1);
x2 = in1(:,2);
x4 = in1(:,4);
t2 = k.*x4.*3.970619469026549e-1;
A = reshape([-4.4868,t2,2.103932649e+2,9.467696920499999e+2,-t2,-4.4868,x4.*(-1.8618873e+1),x4.*(-8.378492849999999e+1),0.0,0.0,0.0,-5.0e+2,k.*x2.*(-3.970619469026549e-1)+3.567e-1,k.*x1.*3.970619469026549e-1,x2.*(-1.8618873e+1),x2.*(-8.378492849999999e+1)],[4,4]);

function J1 = J1(in1,in2)
%J1
%    J1 = J1(IN1,IN2)

%    This function was generated by the Symbolic Math Toolbox version 8.6.
%    07-Sep-2021 23:37:43

x1 = in1(:,1);
x2 = in1(:,2);
x4 = in1(:,4);
J1 = reshape([x2.*x4.*(-3.970619469026549e-1),x1.*x4.*3.970619469026549e-1,0.0,0.0,0.0,0.0,9.743,4.38435e+1],[4,2]);

function B = B(in1,in2,in3,in4)
%B
%    B = B(IN1,IN2,IN3,IN4)

%    This function was generated by the Symbolic Math Toolbox version 8.6.
%    07-Sep-2021 23:37:43

k = in2(:,1);
v11 = in3(1,:);
v12 = in3(2,:);
v14 = in3(4,:);
v21 = in4(1,:);
v22 = in4(2,:);
v24 = in4(4,:);
B = [k.*v12.*v24.*(-3.970619469026549e-1)-k.*v14.*v22.*3.970619469026549e-1;k.*v11.*v24.*3.970619469026549e-1+k.*v14.*v21.*3.970619469026549e-1;v12.*v24.*(-1.8618873e+1)-v14.*v22.*1.8618873e+1;v12.*v24.*(-8.378492849999999e+1)-v14.*v22.*8.378492849999999e+1];

function J2 = J2(in1,in2,in3,in4)
%J2
%    J2 = J2(IN1,IN2,IN3,IN4)

%    This function was generated by the Symbolic Math Toolbox version 8.6.
%    07-Sep-2021 23:37:43

J2 = [0.0;0.0;0.0;0.0];

function A1 = A1(in1,in2,in3,in4)
%A1
%    A1 = A1(IN1,IN2,IN3,IN4)

%    This function was generated by the Symbolic Math Toolbox version 8.6.
%    07-Sep-2021 23:37:43

p11 = in4(1,:);
v11 = in3(1,:);
v12 = in3(2,:);
v14 = in3(4,:);
x1 = in1(:,1);
x2 = in1(:,2);
x4 = in1(:,4);
A1 = [-p11.*(v12.*x4.*3.970619469026549e-1+v14.*x2.*3.970619469026549e-1);p11.*(v11.*x4.*3.970619469026549e-1+v14.*x1.*3.970619469026549e-1);0.0;0.0];

function C = C(in1,in2,in3,in4,in5)
%C
%    C = C(IN1,IN2,IN3,IN4,IN5)

%    This function was generated by the Symbolic Math Toolbox version 8.6.
%    07-Sep-2021 23:37:43

C = [0.0;0.0;0.0;0.0];

function J3 = J3(in1,in2,in3,in4,in5)
%J3
%    J3 = J3(IN1,IN2,IN3,IN4,IN5)

%    This function was generated by the Symbolic Math Toolbox version 8.6.
%    07-Sep-2021 23:37:43

J3 = [0.0;0.0;0.0;0.0];

function B1 = B1(in1,in2,in3,in4,in5)
%B1
%    B1 = B1(IN1,IN2,IN3,IN4,IN5)

%    This function was generated by the Symbolic Math Toolbox version 8.6.
%    07-Sep-2021 23:37:43

p11 = in5(1,:);
v11 = in3(1,:);
v12 = in3(2,:);
v14 = in3(4,:);
v21 = in4(1,:);
v22 = in4(2,:);
v24 = in4(4,:);
B1 = [-p11.*(v12.*v24.*3.970619469026549e-1+v14.*v22.*3.970619469026549e-1);p11.*(v11.*v24.*3.970619469026549e-1+v14.*v21.*3.970619469026549e-1);0.0;0.0];

function A2 = A2(in1,in2,in3,in4,in5)
%A2
%    A2 = A2(IN1,IN2,IN3,IN4,IN5)

%    This function was generated by the Symbolic Math Toolbox version 8.6.
%    07-Sep-2021 23:37:43

A2 = [0.0;0.0;0.0;0.0];

